%stock market input (10 inputs)
x=[ .239 .227   8.307    2.820  -.498    .870   -3.281   -2.562  -2.523   -3.255
    .279 .246  16.771    5.222  -.250   2.588    1.696   -4.568    .848   -.502
    .319 .272  21.253    5.819  -.418    .841    -.834   -3.255   4.352    .756 
    .346 .27   19.867    4.654  -.420   -.834    -.841    -.502   2.588    .338
    .351 .303  19.447    7.848   .084   3.364   -2.545     .756   3.364   3.626 
    .269 .268  14.320    5.809   .253  -1.627     .870     .338    .834   1.682
    .250 .267  11.157    5.527   .084   0.0      2.588    3.626   1.682   1.597  
    .256 .336  12.787    11.263  .756   5.79      .841    1.682   4.068   6.672
    .296 .379  12.453    14.309  1.168  3.127    -.834    1.597   9.098   8.739
    .326 .400  12.088    16.444  1.649  2.274    3.364    6.672  11.58    9.408
    .354 .350  13.587    14.317  1.379 -1.483   -1.687    8.739   3.909   6.320
    .395 .315  15.971    14.815  1.200   .752    0.0      9.408   1.516   5.850
    .388 .295  19.283    12.767  0.949 -1.494    5.790    6.320  -2.224   3.289
    .433  .294 22.512    16.698  1.410  3.791    3.127    5.850   3.010   5.714
    .466  .350 28.465    19.689  1.390  2.922    2.274    3.289   5.228   7.311
    .466  .340 26.015    21.823  1.752  2.129   -1.483    5.714   9.089   7.710
    .391  .404 19.058    26.391  2.171  4.170     .752    7.311   9.496   9.817    
    .346  .478 13.125    30.825  2.051  4.003   -1.494    7.710  10.646  11.917
    .348  .401 11.815    29.467  1.651 -0.641    3.791    9.817   7.644   9.393     
    .357  .427 10.504    28.084  1.342  -.646    2.922   11.917   2.668   7.247 
    .357  .361 11.021    22.990   .906 -5.198    2.129    9.393  -6.414    .760  
    .314  .378 10.674    22.186   .967  1.371    4.170    7.247  -4.519   1.163
    .292  .413 13.067    25.798  1.436  3.381    4.003     .760   -.650   3.102    
    .297  .457 11.830    26.044  1.146   .654    -.641    1.163   5.483   2.600
    .266  .455  9.733    28.734  1.133  2.599    -.646    3.102   6.761   4.087
    .255  .408  5.862    25.776   .725 -1.900   -5.198    2.600   1.308   1.374
    .264  .415  7.374    28.491   .589  2.582    1.371    4.087   3.249   3.383
    .249  .404  6.214    25.557  0.0   -1.888    3.381    1.374  -1.267   1.431
    .243  .394  5.066    24.262  0.0   -0.641     .654    3.383   0.0      .781
    .223  .410  2.165    24.554   .130   .646    2.599    1.431  -1.888   1.299
    .227  .364  2.820    24.102   .65   0.0     -1.9       .781   0.0      .646 
    .246  .318  5.222    17.360  0.0   -5.131    2.582    1.299  -4.519  -4.519 
    .272  .238  5.819    17.873  -.258   .676   -1.888     .646  -4.49   -3.625
    .27   .176  4.654    10.554  -.908 -6.044    -.641   -4.519 -10.263  -8.622
    .303 -.026  7.848    -5.226 -2.482 -14.296    .646   -3.625 -18.932 -19.692
    .268  .07   5.809     2.607 -1.674  8.34     0.0     -8.622 -12.76  -11.512
    .267  .053  5.527    -2.184 -2.384 -4.619   -5.131  -19.692 -11.437 -13.538
    .336 -.035 11.263   -10.837 -3.001 -8.878     .676  -11.512  -5.838  -18.777
    .379 -.044 14.309    -9.218 -2.878  1.771   -6.044  -13.538 -11.547 -14.889
    .4   -.097 16.444   -14.666 -3.556 -6.092  -14.296  -18.777 -12.914 -17.127
    .35   0.0  14.317    -5.967 -2.842 10.195    8.34   -14.889   5.314  -6.008 
    .315 -.070 14.815   -13.023 -3.004 -7.569   -4.619  -17.127  -4.352 -10.432 
    .295 -.114 12.767   -16.885 -3.586 -4.55    -8.878   -6.008  -2.78 -11.327 
    .294 -.026 16.698    -9.731 -2.198  8.58     1.771  -10.432  -4.205 -1.556  
    .35  .026  19.689    -6.585  -.173  3.512   -6.092  -11.327   7.279  2.078 
    .34  .053  21.823    -9.802 -1.385 -3.393   10.195   -1.556   8.580  0.0  
    .404 .035  26.391   -12.209 -1.141 -2.634   -7.569    2.078  -2.634 -1.51
    .478 .018  30.825   -10.641  0.0    1.803   -4.55     0.0    -4.241   .266
    .401 .105  29.467    -5.201   .444  6.2      8.58    -1.51    5.268  6.012
    .427 .123  28.084    -6.897   .884 -1.668    3.512     .266   6.312  3.33  
    .361 .088  20.990    -6.978  -.088  0.0     -3.393    6.012   4.429  3.421
    .378 .061  22.186   -11.766   .175 -5.089   -2.634    3.33   -6.672 -2.014
    .413 .017  25.798   -10.993   .70    .894    1.803    3.421  -4.241 -1.826 
    .457 .061  26.044    -5.533   .522  6.200    6.2     -2.014   1.696  3.720
    .455 .105  28.734    -2.484   .519  3.336   -1.668   -1.826  10.724  6.626
    .408 .149  25.776   -2.628    .861  0.0      0.0      3.72    9.743  5.717 
    .415 .113  28.491   -5.094    .853 -2.421   -5.089    6.626    .834  2.284
    .404 .174  25.557   -0.557   1.184  4.963     .894    5.717   2.421  6.104
    .394 .148  24.262   -3.834   .251  -3.152    6.200    2.284   -.807  2.502
    .410 .174  24.554   -1.658   .667   2.441    3.336    6.104   4.136  4.308
    .364 .130  24.102   -1.786   .663   0.0      0.0      2.502   -.788  3.621
    .318 .052  17.360   -1.837  1.152   0.0     -2.421    4.308   2.441  2.441
    .238 -.009 17.873   -3.388   .895  -1.589    4.963    3.621  -1.589  -.081
    .176 -.026 10.554   -5.702   .081  -2.421   -3.152    2.441  -3.971 -2.579
    -.026 -.035 -5.226   -6.450  -.322   -.827    2.441    -.081  -4.766 -3.072 
    .070 -.026  2.607   -9.547  -.647  -3.336    0.0     -2.579  -6.457 -5.696
    .053 .026  -2.184   -7.230 -0.163   2.588    0.0     -3.072  -1.654 -3.097 
    -.035 -.009 -10.837  -8.783  -.815  -1.682   -1.589   -5.696  -2.502 -3.944    
    -.004 -.026 -9.218   -10.320 -.657  -1.711   -2.421   -3.097   -.863 -4.963 
    -.097 -.035 -14.666  -11.070 -.993   -.870    -.827   -3.944  -4.205 -4.845
    0.0 -.043 -5.967   -10.250 -.919    .878   -3.336   -4.963  -1.711 -3.120 
    -.070 -.061 -13.023   -9.414 -.843    .870    2.588   -4.845    .870 -1.446
    -.114 -.043 -16.885   -4.683 -.170   5.177   -1.682   -3.120   7.024  3.833
    -.026 -.096 -9.731    -6.157 -.085  -1.641   -1.711   -1.446   4.352  2.217
    .026 -.148 -6.585    -5.234  .085    .834    -.870    3.833   4.314  2.981
    .053 -.183 -9.802    -9.772 -.085  -4.963     .878    2.217  -5.742 -2.046
    .035 -.131 -12.209  -10.440 -.426   -.870     .870    2.981  -5.004 -2.483 
    .018 -.044 -10.641   -7.255  .086   3.512    5.177   -2.046  -2.481   .855    
    .105 -.052 -5.201    -8.780  .085  -1.696   -1.641   -2.483    .870  -.940
    .123 -.009 -6.897    -5.624  .513   3.451     .834     .855   5.268  1.956    
    .088 -.017 -6.978    -5.607  .425   0.0     -4.963    -.940   1.696  1.524
    .061  .017 -11.766   -2.475  .677   3.336    -.870    1.956   6.902  4.205
    .017 -.044 -10.993   -5.582 -.168  -3.228    3.512    1.524   0.0    1.011
    .061 -.035 -5.533    -5.549 0.0     0.0     -1.696    4.205   0.0    1.011
    .105  .009 -2.484    -3.19   .168   2.502    3.451    1.011   -.807  3.364
    .149 -.017 -2.628    -8.692  .084  -5.696    0.0      1.011  -3.336 -2.605 
    .113 -.061 -5.094   -11.001 -.084  -2.588    3.336    3.364  -5.838 -5.0046
    .174 -.035 -.0557    -9.393 -.252   1.771   -3.228   -2.605  -6.509 -3.120
    .148 -.026 -3.834    -9.369 -.084   0.0      0.0     -5.046   -.863 -3.038
    .174  .053 -1.658    -4.686  .084   5.222    2.502   -3.120   7.086  1.939
    .130 .0149 -1.786     4.618 1.096   9.926   -5.696   -3.038  15.666 10.842
    .052  .096 -1.837     2.158  .500  -2.257   -2.588    1.939  13.055  7.801
    -.009  .087 -3.388     2.069  .830   0.0      1.7711    .842   7.444  6.914     
    -.026  .052 -5.702    -1.911  .412  -3.849    0.0      7.801  -6.020  2.377
    -.035  0.0  -6.450    -3.482 0.0    -1.601    5.222    6.914  -5.389   .738 
    -.026  .009 -9.547    -4.275  .492   -.814    9.926    2.377  -6.159  -.571     
    .026  .044 -7.23     -1.177 1.06    3.281   -2.257     .738    .801  1.614 
    -.009  .026 -8.783     2.72  1.291   3.971    0.0      -.571   6.509  4.303    
    -.026 -.044 -10.32    -.375   .956  -3.056   -3.849    1.614   4.102  0.158
