y=[ 34.512  24.39  24.187  17.662  -2.441  7.444   2.481   -11.728 -12.889 -20.015 -10.534 -17.924 -20.470 -16.801 -16.324 -20.848 -26.017 -27.582 -22.595 -23.392 -19.191 -24.341 -26.161 -22.092 -21.533 -20.013 -23.914 -18.602 -20.658 -19.243 -19.243 -14.875 -16.790 -13.581  0.0  -10.778  -4.036 3.543 0.0 5.561 -3.364 5.459 16.206 5.268 2.554 .878  2.705  4.429 -3.336  1.696  1.696   10.724 6.200  0.0 -.807 -6.457 -6.617 -9.456 -6.509 -3.971 5.560 3.177 4.843 3.308 2.502  5.177 5.887  11.976  10.444  10.532 6.962 5.177 .820 1.668 1.654 6.962 7.024 5.089 8.628 5.004 2.502 -.807 1.668  1.668 1.627  6.040  10.629   7.833  10.444 4.963 -5.267 -3.849 -3.849 3.203 4.882 6.563  .794  -1.528  4.728 4.766];
yd=y'